0 ORBIT3R-BOT
0 Author: LEGO Digital Designer 4.3
1 71 -70.000526428222656 30.001991271972656 69.99786376953125 0 0 1 0 1 0 -1 0 0 64179.dat
1 0 -50.000434875488281 40.001712799072266 29.998043060302734 0 -1.0000001192092896 0 -1.0000001192092896 0 0 0 0 -1 2780.dat
1 0 -50.000347137451172 50.001411437988281 -10.001985549926758 1 0 0 0 1 0 0 0 1 32316.dat
1 0 -50.000457763671875 40.001354217529297 -50.001972198486328 0 -1.0000001192092896 0 -1.0000001192092896 0 0 0 0 -1 2780.dat
1 71 9.9996929168701172 30.001235961914063 -90.001731872558594 0 0 1 0 1 0 -1 0 0 64178.dat
1 1 29.999881744384766 10.001124382019043 -130.0015869140625 0 0 1.0000001192092896 1.0000001192092896 0 0 0 1.0000001192092896 0 6558.dat
1 15 9.9993896484375 -89.99859619140625 -10.000918388366699 -1 0 0 0 1 0 0 0 -1 95646.dat
1 71 109.999755859375 -89.998580932617188 -70.000808715820313 0 0 -1 -1 0 0 0 1 0 48989.dat
1 0 129.99974060058594 -89.99853515625 -70.000724792480469 0 1 0 -1 0 0 0 0 0.99999994039535522 32523.dat
1 71 -90.000244140625 -89.998779296875 -70.001426696777344 0 0 1.0000001192092896 1.0000001192092896 0 0 0 1.0000001192092896 0 48989.dat
1 0 -110.00007629394531 -89.999298095703125 -130.00151062011719 0 1 0 -1 0 0 0 0 0.99999994039535522 40490.dat
1 71 10.000116348266602 -29.999309539794922 -210.0013427734375 -1 0 0 0 -1 0 0 0 1 95652.dat
1 4 0.0001460313651477918 -29.999320983886719 -210.00141906738281 -1 0 0 0 1 0 0 0 -1 32062.dat
1 71 -9.9998140335083008 -49.999313354492188 -210.00137329101562 1 0 0 0 0 -1 0 1 0 32039.dat
1 71 -9.9998531341552734 -69.999305725097656 -210.00119018554687 0 0 1.0000001192092896 1.0000001192092896 0 0 0 1.0000001192092896 0 4519.dat
1 0 -89.999916076660156 -69.99981689453125 -210.00154113769531 1 0 0 0 -1 0 0 0 -1 32009.dat
1 71 -9.9997882843017578 -89.999313354492187 -210.00115966796875 0.99999994039535522 0 0 0 0 1 0 -1 0 32039.dat
1 4 0.00026077029178850353 -109.99931335449219 -210.00106811523437 -1 0 0 0 1 0 0 0 -1 32062.dat
1 71 10.000009536743164 -109.99934387207031 -210.00102233886719 1 0 0 0 1 0 0 0 1 99380.dat
1 0 -90.000282287597656 -79.998680114746094 -50.001590728759766 0 0 1 -1 0 0 0 -1 0 3705.dat
1 4 -90.000274658203125 -109.99868011474609 -50.001380920410156 0 0 1.0000001192092896 1.0000001192092896 0 0 0 1.0000001192092896 0 6536.dat
1 4 -90.000350952148437 -49.998668670654297 -50.001663208007813 0 0 1.0000001192092896 1.0000001192092896 0 0 0 1.0000001192092896 0 6536.dat
1 1 -10.000119209289551 10.001065254211426 -130.00172424316406 0 0 1.0000001192092896 1.0000001192092896 0 0 0 1.0000001192092896 0 6558.dat
1 0 9.999847412109375 10.000996589660645 -130.00166320800781 0 0 -1 0 0.99999994039535522 0 1 0 0 32524.dat
1 1 -50.000118255615234 10.001005172729492 -130.00186157226562 0 0 1.0000001192092896 1.0000001192092896 0 0 0 1.0000001192092896 0 6558.dat
1 1 69.999885559082031 10.001184463500977 -130.00144958496094 0 0 1.0000001192092896 1.0000001192092896 0 0 0 1.0000001192092896 0 6558.dat
1 1 69.999130249023437 10.002324104309082 109.99855804443359 0 0 1.0000001192092896 1.0000001192092896 0 0 0 1.0000001192092896 0 6558.dat
1 71 89.999862670898438 30.002140045166016 69.998619079589844 0 0 1 0 1 0 -1 0 0 64179.dat
1 4 129.98471069335937 30.002862930297852 89.999763488769531 0.99999994039535522 0 0 0 -0.74912482500076294 0.66242885589599609 0 -0.66242885589599609 -0.74912482500076294 32054.dat
1 71 149.98526000976562 29.999319076538086 -90.000350952148437 -1 0 0 0 1 -2.0400824723765254E-005 0 -2.0400824723765254E-005 -1 99550c01.dat
1 4 149.98635864257812 29.99932861328125 -90.000335693359375 1 0 0 0 -1 0 0 0 -1 54725c01.dat
1 71 183.98635864257812 29.999330520629883 -90.000175476074219 -1 0 0 0 1 0 0 0 -1 32073.dat
1 71 211.98637390136719 29.999334335327148 -90.000114440917969 0 0 -1 0 0.99999994039535522 0 1 0 0 15038.dat
1 0 213.986328125 29.999334335327148 -90.000114440917969 0 0 -1.0000001192092896 1.0000001192092896 0 0 0 -1.0000001192092896 0 44771.dat
1 4 129.98512268066406 30.002536773681641 49.999752044677734 1 0 0 0 2.3917356884339824E-005 -1 0 1 2.3917356884339824E-005 32054.dat
1 0 159.98565673828125 -29.999002456665039 -9.9989633560180664 -1 0 0 0 0.56080132722854614 -0.82795035839080811 0 -0.82795035839080811 -0.56080138683319092 2780.dat
1 0 169.98554992675781 -49.998878479003906 -10.000947952270508 0 -1.0000001192092896 0 0.00011810153955593705 0 1.0000001192092896 -1.0000001192092896 0 0.00011821958469226956 60483.dat
1 1 160.00004577636719 -49.998886108398438 -10.000982284545898 1 0 0 0 0.00011797348270192742 1 0 -1 0.00011797348270192742 43093.dat
1 0 150.00007629394531 -49.9986572265625 9.9991388320922852 0 -1 0 -1 0 0 0 0 -1 32526.dat
1 0 139.99978637695312 -89.998558044433594 -70.000778198242188 -1 0 0 0 1 0 0 0 -1 2780.dat
1 1 29.999139785766602 10.002188682556152 109.99848937988281 0 0.34695923328399658 -0.93788039684295654 1.0000001192092896 0 0 0 -0.93788039684295654 -0.34695905447006226 6558.dat
1 0 9.9990425109863281 10.002245903015137 109.99830627441406 0 0 -1 0 0.99999994039535522 0 1 0 0 32524.dat
1 1 -10.000943183898926 10.002167701721191 109.99827575683594 0 0.34695905447006226 -0.93788033723831177 1.0000001192092896 0 0 0 -0.93788033723831177 -0.34695896506309509 6558.dat
1 1 -50.000953674316406 10.002144813537598 109.99813079833984 0 0 1.0000001192092896 1.0000001192092896 0 0 0 1.0000001192092896 0 6558.dat
1 0 69.999923706054687 40.001956939697266 29.998645782470703 0 -1.0000001192092896 0 -1.0000001192092896 0 0 0 0 -1 2780.dat
1 0 69.99932861328125 50.001811981201172 -10.001401901245117 1 0 0 0 -1 0 0 0 -1 32316.dat
1 0 69.999412536621094 40.00152587890625 -50.001365661621094 0 -1 0 1 0 0 0 0 1 2780.dat
1 0 29.999885559082031 40.001743316650391 29.998189926147461 0 -1.0000001192092896 0 -1.0000001192092896 0 0 0 0 -1 2780.dat
1 0 9.9996299743652344 50.001663208007813 29.998346328735352 0 0 -1 0 -1 0 -1 0 0 32523.dat
1 0 -10.000424385070801 40.001701354980469 29.998323440551758 0 -1.0000001192092896 0 -1.0000001192092896 0 0 0 0 -1 2780.dat
1 1 49.998710632324219 30.002021789550781 119.99848175048828 -1.5776591681060381E-005 1.0000001192092896 2.1059397113276646E-005 0 -2.0938561647199094E-005 1.0000001192092896 1.0000001192092896 1.5897463526926003E-005 0 43093.dat
1 4 49.998561859130859 30.002206802368164 129.99847412109375 -1.5869669368839823E-005 -1 -2.1113784896442667E-005 0 2.1089424990350381E-005 -1 1 -1.5845571397221647E-005 0 6536.dat
1 0 29.998868942260742 40.003547668457031 129.998046875 -1.4195518815540709E-005 -0.99999678134918213 -0.0025492541026324034 -0.99999678134918213 0 0.002549405675381422 -0.0025493777357041836 0.0025492820423096418 -0.99999350309371948 2780.dat
1 71 9.9989614486694336 50.003742218017578 129.99824523925781 0 -1 0 -1 0 0 0 0 -1 48989.dat
1 72 9.9991188049316406 90.003707885742187 149.99801635742187 1 0 0 0 0 -1 0 1 0 92911.dat
1 0 -10.001141548156738 40.003612518310547 129.99836730957031 0 0 1 -1 0 0 0 -1 0 2780.dat
1 1 -30.001142501831055 30.00245475769043 119.99829864501953 0 1.0000001192092896 0 0 0 1.0000001192092896 1.0000001192092896 0 0 43093.dat
1 4 -30.001167297363281 30.002521514892578 129.998291015625 0 1.0000001192092896 0 0 0 -1.0000001192092896 -1.0000001192092896 0 0 6536.dat
1 179 9.9992713928222656 90.003662109375 149.99806213378906 1 0 0 0 1 0 0 0 1 99948.dat
1 0 -90.000205993652344 -79.998863220214844 -90.001426696777344 0 1.0000001192092896 0 1.0000001192092896 0 0 0 0 -1 2780.dat
1 1 -109.99977874755859 -89.999420166015625 -210.00146484375 -1 0 0 0 1 0 0 0 -1 6558.dat
1 0 -89.99981689453125 -89.999588012695312 -210.00141906738281 0 1 0 -1 0 0 0 0 0.99999994039535522 32524.dat
1 1 -89.999649047851563 -89.99957275390625 -250.00143432617188 -1 0 0 0 1 0 0 0 -1 6558.dat
1 0 -109.99970245361328 -9.9997644424438477 -270.00189208984375 0 -1 0 0 0 -1 1 0 0 32526.dat
1 0 -119.99964904785156 -49.999782562255859 -270.001708984375 -1 0 0 0 1 0 0 0 -1 2780.dat
1 0 -129.99981689453125 10.000276565551758 -270.00189208984375 0 -1.0000001192092896 0 0 0 1.0000001192092896 -1.0000001192092896 0 0 32524.dat
1 1 -109.99977874755859 50.000328063964844 -270.00210571289062 -1 0 0 0 1 0 0 0 -1 6558.dat
1 71 -109.99969482421875 30.000284194946289 -270.00210571289062 -1 0 0 0 0 -1.0000001192092896 0 -1.0000001192092896 0 95650.dat
1 1 -109.99971771240234 10.000312805175781 -270.00192260742187 -1 0 0 0 1 0 0 0 -1 6558.dat
1 0 -89.999794006347656 10.000329971313477 -270.001708984375 0 -1.0000001192092896 0 0 0 1.0000001192092896 -1.0000001192092896 0 0 32524.dat
1 0 -79.999687194824219 -9.9997329711914062 -270.00177001953125 -1 0 0 0 1 0 0 0 -1 2780.dat
1 0 -69.999687194824219 -9.9997062683105469 -270.00173950195312 0 -1 0 0 0 -1 1 0 0 32526.dat
1 1 -89.999565124511719 -89.999671936035156 -270.00140380859375 -1 0 0 0 1 0 0 0 -1 6558.dat
1 0 -79.999626159667969 -49.999721527099609 -270.0015869140625 -1 0 0 0 1 0 0 0 -1 2780.dat
1 0 -119.99971008300781 -9.9997920989990234 -270.00192260742187 -1 0 0 0 1 0 0 0 -1 2780.dat
1 1 -109.99983215332031 -89.999320983886719 -190.00149536132812 -1 0 0 0 1 0 0 0 -1 6558.dat
1 1 -110.00146484375 -49.998561859130859 -30.001670837402344 1 0 0 0 1 0 0 0 1 6558.dat
1 4 -110.00149536132812 -69.998580932617188 -30.001497268676758 0 -1.0000001192092896 0 0 0 1.0000001192092896 -1.0000001192092896 0 0 32316.dat
1 0 -100.00137329101562 -109.99863433837891 -30.00139045715332 -1 0 0 0 1 0 0 0 -1 2780.dat
1 0 -129.98616027832031 -49.998497009277344 9.9982280731201172 0 -1 0 -1 0 0 0 0 -1 32526.dat
1 0 -149.986083984375 -49.998580932617188 -10.001813888549805 0 -1.0000001192092896 0 0 0 1.0000001192092896 -1.0000001192092896 0 0 60483.dat
1 1 -139.98611450195312 -49.998561859130859 -10.001782417297363 -1 0 0 0 0 1 0 1 0 43093.dat
1 0 -139.98611450195312 -29.998752593994141 -10.001995086669922 -1 0 0 0 0.42697510123252869 -0.90426343679428101 0 -0.90426343679428101 -0.42697504162788391 2780.dat
1 71 -129.98585510253906 30.000829696655273 -90.002212524414063 -1 0 0 0 1 0 0 0 -1 99550c01.dat
1 4 -129.98594665527344 30.000919342041016 -90.002166748046875 1 0 0 0 -1 0 0 0 -1 54725c01.dat
1 0 -195.98591613769531 30.000846862792969 -90.002372741699219 0 0 1 1 0 0 0 1 0 44771.dat
1 71 -193.98593139648437 30.000846862792969 -90.002365112304688 0 0 1 0 1 0 -1 0 0 15038.dat
1 71 -165.98594665527344 30.000839233398437 -90.002304077148438 1 0 0 0 1 0 0 0 1 32073.dat
1 4 -109.98624420166016 30.001815795898438 49.997699737548828 -1 0 0 0 0 1 0 1 0 32054.dat
1 4 -109.98642730712891 30.002054214477539 89.997695922851562 -1 0 0 0 0 1 0 1 0 32054.dat
1 0 -120.00020599365234 -89.998847961425781 -70.001548767089844 -1 0 0 0 1 0 0 0 -1 2780.dat
1 1 109.99980926513672 -109.99859619140625 -90.0006103515625 0 1 0 -1 0 0 0 0 0.99999994039535522 6558.dat
1 0 109.99990844726562 -129.99882507324219 -110.00054931640625 -1 0 0 0 -1 0 0 0 1 32524.dat
1 1 110.00016021728516 -149.99896240234375 -170.00041198730469 0 1 0 -1 0 0 0 0 0.99999994039535522 6558.dat
1 0 30.000251770019531 -169.99908447265625 -170.00067138671875 0 0 1 0 -1 0 1 0 0 32526.dat
1 0 70.000236511230469 -179.9990234375 -170.00050354003906 0 -1.0000001192092896 0 -1.0000001192092896 0 0 0 0 -1 2780.dat
1 71 100.00035858154297 -209.9993896484375 -210.00019836425781 0 0 -1 -1 0 0 0 1 0 99535c01.dat
1 4 100.00035858154297 -209.99934387207031 -209.99815368652344 0 -4.6883928007446229E-005 -1 -0.9927140474319458 0.12049376219511032 0 0.1204938068985939 0.9927140474319458 -4.7167810407700017E-005 99543.dat
1 19 120.00037384033203 -209.99943542480469 -209.99717712402344 -1 0 0 0 0.99271416664123535 -0.12049388140439987 0 -0.12049388140439987 -0.9927140474319458 99008.dat
1 4 130.00033569335938 -209.99922180175781 -209.99674987792969 0 -4.6770841436227784E-005 -1 -0.99271410703659058 0.12049403041601181 0 0.12049402296543121 0.99271410703659058 -4.6995603042887524E-005 6590.dat
1 72 150.0003662109375 -209.99934387207031 -209.99610900878906 1.5295669072656892E-005 0 1.0000001192092896 -0.12050372362136841 0.99271291494369507 0 -0.99271297454833984 -0.12050372362136841 1.5963829355314374E-005 3648b.dat
1 0 110.00013732910156 -169.9993896484375 -210.00675964355469 -5.2110659453319386E-005 1 0 0.00025164472754113376 0 0.99999994039535522 0.99999994039535522 5.2074981795158237E-005 -0.00025168020511046052 32524.dat
1 0 130.000244140625 -149.99931335449219 -210.01329040527344 0 -1 0.00025196722708642483 -1 0 -0.00025184336118400097 0.00025184359401464462 -0.00025196699425578117 -0.99999994039535522 32140.dat
1 71 140.00021362304687 -149.99937438964844 -210.01341247558594 -1 0 0 0 1 -0.00025185378035530448 0 -0.00025185378035530448 -0.99999994039535522 32073.dat
1 0 170.00022888183594 -149.99920654296875 -210.01362609863281 0 -1 0.00025196722708642483 -1 0 -0.00025184336118400097 0.00025184359401464462 -0.00025196699425578117 -0.99999994039535522 32140.dat
1 14 185.00019836425781 -149.99916076660156 -210.01387023925781 -1.0398955055279657E-005 0 1 -0.00025185378035530448 0.99999994039535522 0 -1 -0.00025185378035530448 -1.0399167877039872E-005 32123a.dat
1 14 95.000205993652344 -149.99942016601562 -210.01295471191406 -1.0398955055279657E-005 0 1 -0.00025185378035530448 0.99999994039535522 0 -1 -0.00025185378035530448 -1.0399167877039872E-005 32123a.dat
1 72 150.000244140625 -149.99937438964844 -210.01345825195312 0 0 1 -0.00024591776309534907 0.99999994039535522 0 -1 -0.00024591776309534907 0 3648b.dat
1 1 149.99964904785156 -170.01457214355469 -270.00839233398437 1 0 0 0 1 0 0 0 1 6558.dat
1 0 149.99974060058594 -290.014404296875 -269.97817993164062 -1.0361142813053448E-005 -1.0000001192092896 0 -0.00025191472377628088 0 1 -1 1.0429890608065762E-005 -0.00025184615515172482 32278.dat
1 1 150.00039672851562 -430.01446533203125 -269.94219970703125 1 0 0 0 1 0 0 0 1 6558.dat
1 151 170.00019836425781 -430.01431274414062 -269.942626953125 -1.0361142813053448E-005 -1.0000001192092896 0 -0.00025191472377628088 0 1 -1 1.0429890608065762E-005 -0.00025184615515172482 32525.dat
1 1 150.00044250488281 -450.01443481445312 -269.93710327148437 1 0 0 0 1 0 0 0 1 6558.dat
1 15 150.00111389160156 -590.01446533203125 -269.901123046875 -1.0391597243142314E-005 1.0000001192092896 0 -0.00025193821056745946 0 -1.0000001192092896 -1.0000001192092896 -1.0482996003702283E-005 0.00025202942197211087 32278.dat
1 0 160.00106811523437 -550.0145263671875 -269.91107177734375 -1 0 0 0 1 -0.00024592288536950946 0 -0.00024592288536950946 -0.99999994039535522 2780.dat
1 71 170.0010986328125 -570.02923583984375 -329.90603637695312 0 -1 0 1 0 0.00024589701206423342 -0.00024589701206423342 0 0.99999994039535522 32140.dat
1 0 160.00108337402344 -570.01446533203125 -269.90603637695312 -1 0 0 0 1 -0.00024592288536950946 0 -0.00024592288536950946 -0.99999994039535522 2780.dat
1 1 150.00067138671875 -530.01446533203125 -269.916748046875 1 0 0 0 1 0 0 0 1 6558.dat
1 151 130.00019836425781 -430.014404296875 -269.9422607421875 -1.0361142813053448E-005 -1.0000001192092896 0 -0.00025191472377628088 0 1 -1 1.0429890608065762E-005 -0.00025184615515172482 32525.dat
1 1 150.00010681152344 -330.0145263671875 -269.9676513671875 1 0 0 0 1 0 0 0 1 6558.dat
1 0 140.00112915039063 -610.01458740234375 -269.89599609375 -1 0 0 0 0 -1 0 -1 0 2780.dat
1 71 130.00141906738281 -670.0146484375 -309.89590454101562 0 1.0000001192092896 1.1089083272963762E-005 0 1.1177989108546171E-005 -1.0000001192092896 -1.0000001192092896 0 0 64179.dat
1 0 120.00157928466797 -650.0147705078125 -269.89578247070312 -1 0 0 0 0 -1 0 -1 0 2780.dat
1 151 110.00180053710937 -670.014892578125 -269.89572143554687 0 1.0000001192092896 -1.1039769560738932E-005 0 1.1182507478224579E-005 1.0000001192092896 1.0000001192092896 0 0 32524.dat
1 0 100.00247955322266 -730.0150146484375 -269.89559936523437 -1 0 0 0 0 -1 0 -1 0 2780.dat
1 71 90.001800537109375 -670.01513671875 -269.89553833007812 0 1.0000001192092896 -1.1039769560738932E-005 0 1.1182507478224579E-005 1.0000001192092896 1.0000001192092896 0 0 32524.dat
1 0 80.0015869140625 -650.01519775390625 -269.89544677734375 -1 0 0 0 0 -1 0 -1 0 2780.dat
1 0 80.002029418945313 -690.01519775390625 -269.89541625976562 -1 0 0 0 0 -1 0 -1 0 2780.dat
1 0 100.00114440917969 -610.0150146484375 -269.8956298828125 -1 0 0 0 0 -1 0 -1 0 2780.dat
1 0 120.00202941894531 -690.0147705078125 -269.89578247070312 -1 0 0 0 0 -1 0 -1 0 2780.dat
1 0 120.00083923339844 -650.0147705078125 -349.89578247070312 -1 0 0 0 0 -1 0 -1 0 2780.dat
1 151 110.00105285644531 -670.014892578125 -349.89569091796875 0 1.0000001192092896 -1.1039769560738932E-005 0 1.1182507478224579E-005 1.0000001192092896 1.0000001192092896 0 0 32524.dat
1 0 100.00171661376953 -730.0150146484375 -349.89559936523437 -1 0 0 0 0 -1 0 -1 0 2780.dat
1 71 90.001052856445313 -670.01513671875 -349.8955078125 0 1.0000001192092896 -1.1039769560738932E-005 0 1.1182507478224579E-005 1.0000001192092896 1.0000001192092896 0 0 32524.dat
1 0 80.001274108886719 -690.01519775390625 -349.89541625976562 -1 0 0 0 0 -1 0 -1 0 2780.dat
1 0 80.000839233398438 -650.01519775390625 -349.89541625976562 -1 0 0 0 0 -1 0 -1 0 2780.dat
1 0 100.00039672851562 -610.0150146484375 -349.89559936523437 -1 0 0 0 0 -1 0 -1 0 2780.dat
1 0 120.00128173828125 -690.0147705078125 -349.89578247070312 -1 0 0 0 0 -1 0 -1 0 2780.dat
1 0 140.00123596191406 -730.01458740234375 -269.86578369140625 -1 0 0 0 0 -1 0 -1 0 2780.dat
1 1 149.99960327148437 -150.01458740234375 -270.01348876953125 1 0 0 0 1 0 0 0 1 6558.dat
1 0 100.00035858154297 -189.99942016601562 -210.00161743164062 -1 0 0 0 1 -0.0002513216168154031 0 -0.0002513216168154031 -0.99999994039535522 2780.dat
1 0 100.00039672851562 -229.99942016601562 -209.99136352539062 -1 0 0 0 0.47696021199226379 0.87892484664916992 0 0.87892484664916992 -0.47696024179458618 2780.dat
1 0 30.000282287597656 -179.99908447265625 -170.00064086914062 0 -1.0000001192092896 0 -1.0000001192092896 0 0 0 0 -1 2780.dat
1 1 110 -149.99879455566406 -130.00041198730469 0 1 0 -1 0 0 0 0 0.99999994039535522 6558.dat
1 0 110.00008392333984 -149.99891662597656 -150.00045776367187 -1 0 0 0 -1 0 0 0 1 32523.dat
1 1 109.99969482421875 -109.99840545654297 -50.000617980957031 0 1 0 -1 0 0 0 0 0.99999994039535522 6558.dat
1 0 109.99980163574219 -109.99845123291016 -70.000663757324219 1 0 0 0 -1 0 0 0 -1 32523.dat
1 71 70.001419067382812 -670.0152587890625 -309.89529418945312 0 1.0000001192092896 1.1140702554257587E-005 0 1.1281228580628522E-005 -1.0000001192092896 -1.0000001192092896 0 0 64179.dat
1 0 80.001571655273437 -630.0152587890625 -289.89532470703125 -1 0 0 0 0 1.0000001192092896 0 1.0000001192092896 0 2780.dat
1 1 80.001564025878906 -690.01519775390625 -289.89532470703125 -1 0 0 0 -1 0 0 0 1 43093.dat
1 72 70.001571655273438 -690.01519775390625 -289.89532470703125 0 -1.0000001192092896 0 0 0 1.0000001192092896 -1.0000001192092896 0 0 32140.dat
1 72 90.00152587890625 -670.0152587890625 -289.89532470703125 0 1.0000001192092896 0 0 0 1.0000001192092896 1.0000001192092896 0 0 32524.dat
1 0 100.00154876708984 -610.0152587890625 -289.89532470703125 -1 0 0 0 0 -1.0000001192092896 0 -1.0000001192092896 0 2780.dat
1 0 100.00156402587891 -730.0152587890625 -289.89532470703125 -1 0 0 0 0 -1.0000001192092896 0 -1.0000001192092896 0 2780.dat
1 72 110.00156402587891 -670.0152587890625 -289.89532470703125 0 1.0000001192092896 0 0 0 1.0000001192092896 1.0000001192092896 0 0 32524.dat
1 0 80.001602172851563 -630.0152587890625 -309.89529418945312 -1 0 0 0 0 1.0000001192092896 0 1.0000001192092896 0 2780.dat
1 0 120.00155639648437 -630.01519775390625 -289.89532470703125 -1 0 0 0 0 -1 0 -1 0 2780.dat
1 0 120.00156402587891 -710.01519775390625 -289.895263671875 -1 0 0 0 0 -1 0 -1 0 2780.dat
1 72 90.001594543457031 -670.01531982421875 -309.89529418945312 0 1.0000001192092896 0 0 0 1.0000001192092896 1.0000001192092896 0 0 32524.dat
1 72 70.001602172851563 -670.0152587890625 -309.89529418945312 0 1.0000001192092896 0 0 0 1.0000001192092896 1.0000001192092896 0 0 32523.dat
1 0 80.001602172851563 -670.0152587890625 -309.89529418945312 -1 0 0 0 0 -1 0 -1 0 2780.dat
1 0 80.001602172851563 -710.0152587890625 -309.89529418945312 -1 0 0 0 0 -1 0 -1 0 2780.dat
1 72 70.001602172851563 -650.0152587890625 -329.89529418945312 0 -1.0000001192092896 0 0 0 -1.0000001192092896 1.0000001192092896 0 0 32140.dat
1 1 80.001579284667969 -650.0152587890625 -329.895263671875 -1 0 0 0 1 0 0 0 -1 43093.dat
1 72 90.001579284667969 -670.0152587890625 -329.895263671875 0 1 0 0 0 1 1 0 0 32524.dat
1 72 130.00155639648437 -670.01513671875 -289.895263671875 0 1.0000001192092896 0 0 0 1.0000001192092896 1.0000001192092896 0 0 32316.dat
1 0 100.0015869140625 -610.01531982421875 -309.89529418945312 -1 0 0 0 0 -1.0000001192092896 0 -1.0000001192092896 0 2780.dat
1 0 100.0015869140625 -730.0152587890625 -309.89529418945312 -1 0 0 0 0 -1.0000001192092896 0 -1.0000001192092896 0 2780.dat
1 72 110.0015869140625 -670.01531982421875 -309.89529418945312 0 1.0000001192092896 0 0 0 1.0000001192092896 1.0000001192092896 0 0 32524.dat
1 0 80.001579284667969 -710.0152587890625 -329.89529418945312 -1 0 0 0 0 -1 0 -1 0 2780.dat
1 0 120.00157928466797 -630.0152587890625 -309.89529418945312 -1 0 0 0 0 -1 0 -1 0 2780.dat
1 0 120.0015869140625 -710.01531982421875 -309.89529418945312 -1 0 0 0 0 -1 0 -1 0 2780.dat
1 72 130.0015869140625 -670.0152587890625 -309.89529418945312 0 1.0000001192092896 0 0 0 1.0000001192092896 1.0000001192092896 0 0 32316.dat
1 0 100.00156402587891 -610.01531982421875 -329.89529418945312 -1 0 0 0 0 -1 0 -1 0 2780.dat
1 0 100.00156402587891 -730.0152587890625 -329.89529418945312 -1 0 0 0 0 -1 0 -1 0 2780.dat
1 72 110.00156402587891 -670.0152587890625 -329.89529418945312 0 1.0000001192092896 0 0 0 1.0000001192092896 1.0000001192092896 0 0 32524.dat
1 0 120.00155639648437 -630.0152587890625 -329.89529418945312 -1 0 0 0 0 -1 0 -1 0 2780.dat
1 0 120.00155639648437 -710.0152587890625 -329.89529418945312 -1 0 0 0 0 -1 0 -1 0 2780.dat
1 72 130.00154113769531 -670.01519775390625 -329.89529418945312 0 1.0000001192092896 0 0 0 1.0000001192092896 1.0000001192092896 0 0 32316.dat
